997.0
991.0
983.0
977.0
971.0
967.0
961.0
953.0
947.0
941.0
937.0
929.0
919.0
911.0
907.0
899.0
887.0
883.0
881.0
877.0
863.0
859.0
857.0
853.0
841.0
839.0
829.0
827.0
823.0
821.0
811.0
809.0
797.0
787.0
773.0
769.0
761.0
757.0
751.0
743.0
739.0
733.0
727.0
719.0
713.0
709.0
701.0
691.0
683.0
677.0
673.0
667.0
661.0
659.0
653.0
647.0
643.0
641.0
631.0
619.0
617.0
613.0
607.0
601.0
599.0
593.0
587.0
577.0
571.0
569.0
563.0
557.0
547.0
541.0
529.0
523.0
521.0
509.0
503.0
499.0
491.0
487.0
479.0
467.0
463.0
461.0
457.0
449.0
443.0
439.0
437.0
433.0
431.0
421.0
419.0
409.0
401.0
397.0
391.0
389.0
383.0
379.0
373.0
367.0
361.0
359.0
353.0
349.0
347.0
337.0
331.0
323.0
317.0
313.0
311.0
307.0
293.0
289.0
283.0
281.0
277.0
271.0
269.0
263.0
257.0
253.0
251.0
247.0
241.0
239.0
233.0
229.0
227.0
223.0
221.0
211.0
209.0
199.0
197.0
193.0
191.0
187.0
181.0
179.0
173.0
169.0
167.0
163.0
157.0
151.0
149.0
143.0
139.0
137.0
131.0
127.0
121.0
113.0
109.0
107.0
103.0
101.0
97.0
95.0
91.0
89.0
85.0
83.0
79.0
77.0
73.0
71.0
67.0
65.0
61.0
59.0
55.0
53.0
49.0
47.0
43.0
41.0
37.0
35.0
31.0
29.0
25.0
23.0
19.0
17.0
13.0
11.0
7.0
5.0
3.0
2.0
